-------------------------------
Tipo: P6
Tamahno: 20x20
Cores medias: R: 200 G: 173 B: 224
Matriz numerica:
32 50 48 10 50 53 53 10 243 230 212 242 230 213 244 231 214 246 234 217 248 235 216 248 235 217 248 235 218 248 235 218 249 236 219 248 237 219 248 237 219 248 238 220 248 237 220 250 237 220 249 236 219 248 235 219 248 235 216 248 
235 216 250 235 218 249 233 216 225 213 194 242 228 210 246 232 215 249 235 217 245 232 213 246 233 215 247 234 217 248 235 218 248 235 218 250 236 218 248 235 218 250 235 217 250 236 218 248 236 218 247 236 217 248 236 218 249 236 220 248 
235 215 246 231 207 249 234 210 217 209 190 251 235 215 234 220 200 240 226 208 255 248 227 255 244 224 253 240 220 248 234 216 248 235 215 249 237 219 244 230 197 246 230 199 251 237 220 249 234 215 247 228 199 249 232 207 247 228 205 248 
228 211 248 231 209 247 231 208 99 94 89 183 176 161 145 139 128 156 150 141 185 178 164 183 175 161 214 204 186 250 239 219 247 235 217 248 234 213 249 235 211 251 236 211 249 233 204 243 224 187 247 232 204 249 231 197 245 220 187 252 
220 207 254 231 221 253 233 223 137 132 123 127 123 115 127 122 116 132 128 119 112 107 101 104 98 94 186 180 164 254 245 219 245 230 199 248 231 200 252 236 214 249 234 206 247 231 202 245 225 181 244 221 170 248 231 216 252 217 201 236 
204 177 219 209 171 217 204 158 246 234 208 245 234 209 246 233 208 253 241 214 191 182 166 224 211 192 255 241 215 251 235 212 247 228 190 244 228 189 252 236 211 251 233 206 250 233 211 252 237 217 250 234 210 246 222 204 255 216 206 220 
197 170 203 190 160 224 101 148 210 197 180 212 200 183 212 199 183 209 196 178 218 209 187 241 226 203 252 235 208 251 234 208 252 237 212 244 231 206 243 227 202 245 227 197 251 236 210 239 215 182 248 228 202 251 230 208 249 213 196 219 
204 201 235 183 222 224 95 166 219 207 187 217 205 185 216 204 183 220 208 187 243 229 203 246 230 205 244 228 207 242 228 208 236 217 195 229 210 193 232 207 190 237 212 189 246 228 201 248 228 194 242 216 170 245 220 167 246 207 170 237 
196 183 233 211 213 210 206 198 244 228 201 244 228 201 246 230 203 247 232 206 247 230 204 241 229 211 237 215 196 232 199 168 206 177 134 209 161 103 200 172 136 226 191 164 240 205 185 240 215 183 249 220 181 242 202 151 246 217 176 250 
190 161 250 176 145 233 171 141 239 223 198 240 224 198 243 227 199 246 230 202 247 232 202 234 221 205 226 186 157 154 143 74 171 157 90 199 193 147 158 146 92 174 156 81 223 185 146 241 206 176 237 192 156 223 157 127 243 183 153 241 
176 145 231 167 138 201 134 96 240 224 197 241 224 197 243 228 197 245 231 197 246 232 204 246 213 185 137 137 69 160 147 26 227 206 90 209 174 159 221 130 89 211 135 79 124 125 90 197 180 158 237 185 152 221 155 121 229 157 121 222 
153 123 221 163 135 201 135 101 241 224 193 240 224 193 245 228 194 247 231 196 243 223 209 224 195 150 107 129 30 166 142 51 208 97 43 195 60 47 190 117 73 200 107 54 192 136 69 203 174 138 232 183 145 222 159 126 222 157 126 225 
161 135 195 135 104 207 171 138 239 224 186 241 223 185 249 225 190 249 224 190 245 222 200 195 177 145 155 144 47 241 193 59 217 108 109 146 102 61 174 177 133 196 170 93 199 159 49 162 137 85 233 179 140 161 134 82 152 111 76 169 
121 89 181 152 127 213 218 208 244 227 193 247 225 190 248 229 198 237 214 188 243 208 181 218 191 147 177 120 80 194 113 64 198 191 140 218 175 112 207 171 117 211 171 121 204 171 125 222 178 148 206 172 142 189 176 166 148 127 90 102 
94 35 147 141 97 204 193 181 241 226 204 234 214 185 233 206 167 238 200 149 243 174 113 241 181 121 178 113 93 189 109 57 220 174 45 204 170 125 173 110 59 190 179 113 135 122 96 190 156 127 210 187 147 215 209 194 197 166 147 175 
145 93 129 106 64 170 138 116 240 223 190 238 225 205 229 214 184 223 195 150 222 182 128 232 177 124 224 198 167 167 152 91 184 146 44 206 131 82 213 126 86 180 143 39 178 151 114 218 159 130 191 157 141 207 185 158 206 173 137 200 
156 133 164 114 87 178 149 132 228 217 204 230 218 206 224 211 194 212 193 171 216 192 160 223 189 144 239 195 153 245 201 159 172 148 108 161 145 117 197 182 158 221 186 149 229 171 121 242 168 128 216 145 110 151 106 75 183 141 105 240 
177 147 238 172 139 183 148 131 210 202 189 200 192 178 204 195 182 237 225 211 229 213 197 240 220 191 238 205 163 246 208 165 241 201 158 233 206 171 241 217 193 240 216 192 218 182 141 221 160 112 218 155 110 138 94 55 119 86 58 222 
153 113 208 138 99 167 125 93 228 219 207 226 216 204 228 219 206 228 219 208 233 222 207 246 231 214 245 231 217 239 228 211 233 220 196 233 218 196 228 213 178 230 219 192 234 219 194 231 217 196 227 214 193 232 220 197 225 210 183 215 
183 149 209 174 138 205 184 154 246 235 218 246 235 219 246 235 218 243 232 216 244 228 208 243 224 199 244 229 214 239 224 206 229 214 187 230 216 196 233 219 200 233 219 200 231 219 201 232 220 201 233 221 202 233 220 201 234 222 204 234 
