-------------------------------
Tipo: P6
Tamahno: 32x32
Cores medias: R: 200 G: 174 B: 225
Matriz numerica:
32 51 50 10 50 53 53 10 244 230 212 243 230 213 243 230 213 244 231 214 246 233 216 247 234 217 248 235 216 248 235 216 248 235 216 248 235 218 248 235 218 248 235 218 248 235 218 249 236 219 248 237 219 246 238 219 246 238 219 246 238 219 246 238 219 246 238 219 249 237 220 250 237 220 249 236 219 249 236 219 248 235 218 248 235 217 248 235 216 248 235 216 249 235 216 250 
234 216 249 234 215 247 232 214 243 230 211 244 231 215 243 230 213 243 230 213 246 233 216 247 234 217 248 235 216 248 235 216 248 235 216 248 235 218 248 235 218 248 235 218 248 235 218 249 236 219 249 236 219 249 236 219 249 236 219 249 237 219 250 237 220 249 237 220 250 237 220 250 236 219 249 235 218 249 235 218 248 235 219 248 235 218 248 235 216 248 235 216 249 235 217 250 
235 218 249 234 217 248 232 214 206 194 177 228 215 196 246 232 215 242 228 210 245 231 214 248 234 216 248 235 216 248 235 216 248 235 216 248 235 217 248 235 218 248 235 218 248 235 218 248 236 218 250 235 219 249 235 218 248 235 220 251 236 220 250 235 217 250 235 218 249 236 217 248 236 219 247 237 218 248 237 218 248 236 216 248 234 217 249 235 217 250 237 218 242 229 205 243 
229 202 251 236 209 247 233 207 241 232 209 245 233 212 245 228 210 242 228 205 248 234 217 245 231 210 245 232 212 246 233 215 246 233 214 246 233 214 248 235 216 248 235 216 248 235 216 248 235 216 249 235 214 247 236 220 244 231 202 240 224 191 250 236 213 250 235 215 247 236 214 249 236 216 246 232 200 246 232 208 250 237 214 251 236 219 248 230 216 250 233 212 245 228 204 246 
231 206 249 233 209 246 231 204 205 199 184 193 184 170 250 237 217 250 239 217 176 164 151 247 237 218 253 244 223 250 238 219 253 244 224 253 242 223 248 235 216 248 235 216 248 235 215 248 235 216 248 236 212 248 236 224 247 230 190 242 225 179 250 236 216 250 235 215 249 236 219 250 230 211 245 219 183 251 229 206 250 228 207 245 227 187 246 223 207 247 223 207 251 231 215 250 
233 216 248 231 214 246 229 211 113 108 103 107 100 91 243 235 214 173 166 151 130 124 116 197 189 176 182 175 160 219 212 196 191 182 167 195 186 167 238 226 207 250 237 219 247 235 219 249 234 218 251 235 214 248 235 215 249 237 215 252 237 213 250 235 210 251 235 211 249 231 201 243 230 200 246 237 215 250 237 215 249 230 199 242 220 172 251 222 207 252 221 202 254 226 216 247 
230 213 247 231 214 252 228 217 87 84 81 80 78 75 139 137 129 82 81 80 95 95 90 88 86 85 116 113 107 114 112 107 87 84 81 94 91 84 209 203 185 249 241 215 246 236 213 248 236 215 242 230 200 251 234 211 251 234 211 251 235 209 252 236 211 248 233 201 236 213 152 242 220 169 239 215 158 249 234 207 250 235 212 250 230 207 251 216 202 243 210 185 243 219 197 251 
229 221 246 227 212 243 220 188 144 139 127 174 170 158 131 125 117 146 140 130 125 117 111 155 148 138 185 179 164 92 84 82 118 112 104 140 133 123 225 216 196 251 241 213 249 235 215 248 231 198 247 230 190 251 235 215 251 235 212 250 236 204 244 229 200 248 232 207 250 236 218 250 234 205 243 218 150 246 227 197 248 226 218 245 217 195 254 209 195 242 214 195 205 193 145 216 
204 166 203 192 135 181 173 86 251 241 212 245 235 205 251 241 215 253 242 213 249 239 214 255 250 221 224 217 194 132 123 118 228 217 199 251 238 212 251 236 211 250 234 210 252 238 211 246 225 181 242 222 174 250 235 207 251 235 210 253 235 211 250 232 209 250 234 210 253 234 210 248 237 210 251 238 218 248 230 209 247 224 211 251 217 203 255 207 191 236 202 185 184 176 120 210 
195 168 215 178 172 216 56 114 231 218 198 229 216 196 232 220 199 237 225 204 232 220 199 234 221 200 218 208 183 215 208 189 251 235 210 251 234 208 250 234 209 251 235 211 251 235 211 251 237 207 241 228 193 243 229 196 250 235 210 252 232 204 251 232 202 250 234 212 248 232 210 251 232 210 250 232 208 249 233 206 247 223 203 251 216 197 252 219 214 224 215 196 214 189 177 251 
189 235 226 95 173 249 13 137 206 193 175 190 177 160 213 200 182 219 207 190 211 198 181 206 193 175 208 197 177 196 189 167 227 210 192 252 236 211 249 234 208 250 234 208 251 235 209 251 235 210 251 235 210 246 229 204 248 232 207 245 228 197 246 228 196 252 237 210 244 226 197 222 192 150 247 226 195 248 232 212 251 228 204 249 219 194 243 204 194 209 211 203 223 173 203 240 
166 212 215 99 154 212 44 111 217 205 188 209 197 180 208 196 179 193 181 164 210 198 181 201 189 172 236 223 197 248 236 206 247 231 205 248 231 204 249 232 206 251 234 209 246 231 206 241 226 205 234 219 199 229 218 202 228 210 195 233 210 190 245 227 204 250 235 208 250 231 207 248 226 189 249 226 189 244 223 185 249 228 196 252 226 197 245 188 164 229 201 190 226 213 225 225 
206 219 205 211 214 186 188 178 234 222 197 234 222 198 232 220 196 224 212 187 232 219 195 229 217 192 241 226 201 247 231 206 248 231 207 241 224 207 240 224 209 234 222 207 230 214 197 223 199 172 222 195 167 228 204 184 226 201 178 228 198 171 232 204 177 244 219 193 245 228 192 249 231 200 235 208 145 237 207 152 239 196 118 247 223 169 246 202 176 240 193 169 247 210 200 238 
203 194 229 198 193 216 199 194 243 228 200 244 228 201 243 228 200 247 232 204 247 232 204 249 234 206 246 230 205 247 230 205 245 230 207 232 221 208 234 209 184 237 200 168 229 200 168 219 189 148 216 176 126 214 160 111 225 188 156 232 201 179 239 205 183 238 209 192 235 205 178 242 219 187 250 224 187 255 226 194 248 216 165 245 218 167 250 221 188 248 184 154 252 177 144 250 
176 143 239 173 140 218 164 134 240 224 199 240 224 199 241 225 199 242 226 201 245 229 203 246 230 204 246 229 205 245 231 200 235 225 212 232 217 203 242 201 168 211 175 125 182 158 105 170 146 87 166 135 54 219 187 127 143 143 95 151 135 86 225 176 123 237 196 178 235 197 172 240 210 172 251 223 187 225 175 139 223 169 133 246 199 174 244 198 167 246 182 153 244 168 141 237 
165 137 213 149 112 220 151 117 240 224 198 240 224 198 241 225 199 242 226 197 244 229 199 246 231 202 246 230 202 247 232 202 237 223 208 224 196 170 226 180 143 118 123 52 132 137 62 180 164 92 211 215 186 188 192 158 169 143 81 182 160 84 159 152 63 223 184 144 231 188 161 246 204 171 246 211 174 213 145 111 224 154 122 243 177 145 234 161 129 237 169 137 242 180 151 212 
155 123 178 113 76 224 147 111 240 224 198 240 224 198 241 225 199 242 227 196 245 230 197 246 231 198 245 232 196 246 229 203 245 217 196 199 166 123 111 109 50 144 146 45 212 177 30 206 186 97 241 237 223 172 145 118 209 143 92 250 166 121 147 139 54 142 141 82 127 138 119 219 193 165 239 195 162 217 150 114 235 173 143 242 174 140 239 166 129 227 160 130 236 174 148 233 
176 147 199 137 104 196 127 88 241 224 196 241 224 196 241 224 195 243 227 196 246 231 198 246 231 198 243 230 200 242 226 205 248 211 186 196 186 101 91 129 23 143 140 51 254 184 30 210 177 62 194 146 101 224 85 74 203 101 59 220 130 81 222 74 55 120 111 88 134 146 132 222 182 147 235 193 164 224 179 146 219 145 106 201 139 106 232 156 122 228 155 126 188 129 100 221 
157 124 211 149 118 200 140 105 241 224 193 241 224 192 241 224 192 244 227 193 247 230 196 249 232 198 238 220 202 235 213 200 241 204 171 135 140 37 80 103 31 130 133 68 187 124 51 198 75 58 196 71 46 217 62 54 207 138 86 160 136 59 231 80 53 201 144 54 210 178 132 232 181 157 221 170 130 227 186 153 219 142 114 224 165 132 228 168 142 231 172 150 191 137 105 195 
135 102 202 162 135 218 199 155 239 224 188 238 224 187 239 223 187 246 225 191 250 227 192 253 231 192 245 225 193 236 214 196 229 198 162 103 111 41 177 155 35 240 189 46 201 104 48 225 46 57 173 71 55 103 85 47 180 173 132 167 176 116 186 159 53 247 183 38 149 131 43 153 141 89 228 166 115 245 195 150 166 134 89 203 148 113 209 145 112 232 173 142 208 143 112 179 
144 122 209 214 197 207 203 180 239 224 186 241 224 184 243 222 183 247 224 188 252 225 192 252 222 189 233 209 183 240 219 199 229 195 153 128 137 105 182 148 50 254 204 40 230 188 122 220 161 155 164 131 89 169 165 87 196 184 145 196 187 145 220 157 78 191 162 81 149 146 85 194 145 107 225 180 148 205 166 133 110 101 40 92 77 40 145 105 74 120 89 59 123 102 57 201 
189 174 210 214 207 211 214 208 245 227 192 246 225 190 250 225 192 248 230 197 246 228 199 235 212 192 230 202 178 242 210 186 239 195 145 154 155 105 181 135 100 213 99 45 167 166 127 218 199 160 243 170 106 206 166 101 233 168 115 216 163 108 224 166 100 228 197 149 235 190 163 218 168 135 211 172 127 199 167 144 211 188 177 157 137 81 112 91 45 85 81 36 92 96 34 182 
171 147 213 204 187 190 190 171 242 227 200 240 225 197 240 218 182 240 219 188 241 220 188 239 213 174 243 190 139 245 189 145 245 205 162 178 127 78 182 65 58 204 53 56 147 134 42 188 168 64 235 191 142 168 156 109 150 124 70 209 192 148 175 180 144 154 124 70 200 148 113 223 205 181 203 173 137 210 198 192 206 210 232 225 212 221 199 159 126 179 161 89 143 140 67 134 
103 63 182 152 133 167 151 132 244 228 205 238 222 203 230 207 175 228 199 157 234 199 152 240 196 137 239 178 111 238 162 92 250 175 112 219 175 129 154 103 83 205 150 114 241 161 23 232 169 41 196 197 142 190 130 90 147 72 30 206 189 94 181 164 111 113 114 98 148 123 95 187 146 118 209 184 141 218 196 143 214 206 176 177 158 138 173 129 92 179 133 98 124 109 72 141 
108 73 174 143 122 169 142 121 232 212 173 240 222 198 234 222 204 228 216 190 224 206 172 222 196 150 222 188 139 229 184 134 240 174 115 247 200 158 205 187 158 123 127 76 180 143 43 229 170 52 198 165 86 228 77 54 237 120 94 226 157 39 173 125 21 146 139 114 205 170 144 204 141 106 171 137 135 202 182 159 219 191 153 211 180 148 225 197 162 179 142 118 145 113 89 119 
70 44 174 143 120 188 171 157 239 225 193 245 230 205 238 228 209 233 220 197 228 210 182 220 198 163 221 189 144 219 185 141 221 180 135 218 181 136 248 214 183 224 185 143 150 138 79 138 116 52 195 145 91 182 125 97 183 164 126 169 150 79 184 156 90 213 163 108 246 177 138 240 173 144 211 153 126 172 143 140 201 176 167 198 168 130 196 152 122 230 172 147 237 177 145 211 
149 118 176 140 123 198 188 185 249 239 232 250 238 228 251 239 229 250 237 222 240 225 205 232 215 194 219 197 174 225 197 161 227 194 147 228 187 147 237 197 162 255 217 183 237 196 154 169 149 122 156 155 129 148 144 123 201 179 161 240 202 175 230 190 156 228 176 130 233 167 121 234 164 131 231 159 122 188 120 75 140 95 59 178 142 99 216 164 127 234 172 142 235 171 141 234 
168 134 182 141 119 168 151 145 226 218 203 223 215 200 217 210 194 209 200 188 222 210 197 244 228 212 212 197 181 233 213 189 234 208 173 231 192 140 241 191 134 244 195 143 240 189 125 235 180 125 226 184 140 235 203 175 241 219 200 247 213 191 235 201 173 212 173 131 216 148 98 226 152 98 228 152 107 207 130 77 124 69 29 58 28 4 158 110 80 243 176 134 216 147 115 208 
144 108 187 142 110 166 140 127 228 220 204 211 203 188 203 194 179 189 180 166 218 209 194 252 242 226 221 207 194 242 227 209 243 228 210 238 222 194 242 222 193 244 222 194 236 211 176 231 207 175 236 212 181 235 217 185 236 214 186 232 217 189 230 218 191 225 202 165 227 185 145 225 179 139 207 162 125 196 161 126 173 142 110 141 119 90 160 123 91 222 153 113 213 143 100 205 
142 101 165 120 84 153 129 104 234 224 213 235 226 215 235 226 215 240 230 219 235 225 215 231 221 211 217 207 197 241 231 214 244 231 219 245 230 215 244 230 213 241 228 212 236 227 207 236 223 200 232 217 201 232 218 192 223 207 166 227 215 180 234 221 200 234 217 187 233 220 197 234 223 206 233 222 203 237 225 201 241 228 203 240 228 200 222 202 170 206 168 134 196 156 116 192 
154 117 200 177 144 203 186 157 241 232 217 241 232 217 241 232 217 240 231 216 240 231 216 238 230 212 243 231 224 239 222 197 242 220 188 248 231 219 244 228 212 242 226 211 236 221 197 226 209 174 229 213 188 231 218 200 233 217 193 234 220 194 231 219 202 231 220 200 231 219 197 231 219 197 231 219 198 231 218 200 230 218 200 231 218 200 233 223 202 234 224 201 233 221 197 233 
222 198 235 225 203 236 225 204 247 235 218 247 235 218 247 235 218 247 235 218 246 234 217 244 232 215 247 232 215 243 226 203 243 226 201 244 230 214 241 227 211 239 225 208 234 220 200 229 214 191 232 218 197 232 219 201 233 219 202 232 219 200 232 219 200 231 219 201 231 219 201 231 219 201 231 219 201 232 219 200 233 219 200 232 219 200 231 218 200 230 218 199 231 219 200 230 
